  0                        0.6500000000000000222    0                      120011.0
 -0.02999999999999999889   0.65400000000000002576   0.05000000000000000278 120011.0
  0.02999999999999999889   0.65500000000000002665  -0.02000000000000000042 47.12814886779546
  0.11999999999999999556   0.67000000000000003997  -0.08000000000000000167 120011.0
  0.13000000000000000444   0.66200000000000003286  -0.10000000000000000555 120011.0
  0.08999999999999999667   0.6590000000000000302    0.08000000000000000167 120011.0
 -0.04000000000000000083   0.66500000000000003553  -0.02000000000000000042 120011.0
 -0.05999999999999999778   0.63400000000000000799  -0.04000000000000000083 120011.0
 -0.13000000000000000444   0.64400000000000001688   0.11999999999999999556 120011.0
 -0.07000000000000000666   0.64900000000000002132   0.07000000000000000666 120011.0
 -0.02000000000000000042   0.65600000000000002753  -0.05000000000000000278 46.27756310797839
 -0.17000000000000001221   0.6590000000000000302   -0.14000000000000001332 120011.0
 -0.04000000000000000083   0.67000000000000003997  -0.14000000000000001332 120011.0
  0.04000000000000000083   0.65300000000000002487  -0.10000000000000000555 120011.0
  0.02000000000000000042   0.65400000000000002576  -0.05999999999999999778 33.21289774268834
  0.02000000000000000042   0.66000000000000003109  -0.08999999999999999667 120011.0
  0.02000000000000000042   0.65800000000000002931  -0.07000000000000000666 120011.0
  0.14000000000000001332   0.64800000000000002043  -0.08999999999999999667 120011.0
  0.14000000000000001332   0.63700000000000001066   0.08000000000000000167 69.01404792048666
 -0.11999999999999999556   0.67300000000000004263  -0.17000000000000001221 85.48932513903947
  0.08000000000000000167   0.64600000000000001865   0.02000000000000000042 74.55963310440356
  0.11000000000000000056   0.64000000000000001332   0.04000000000000000083 71.43191673910616
  0.2000000000000000111    0.67100000000000004086  -0.05000000000000000278 120011.0
 -0.17999999999999999334   0.63700000000000001066  -0.07000000000000000666 64.1370444546385
 -0.07000000000000000666   0.66800000000000003819  -0.16000000000000000333 120011.0
  0.2000000000000000111    0.63800000000000001155   0.04000000000000000083 120011.0
  0.2000000000000000111    0.67300000000000004263  -0.02000000000000000042 120011.0
 -0.08999999999999999667   0.64600000000000001865  -0.05999999999999999778 120011.0
  0.01000000000000000021   0.65300000000000002487  -0.01000000000000000021 120011.0
  0.01000000000000000021   0.64400000000000001688  -0.05999999999999999778 42.26069778414277
 -0.08000000000000000167   0.65500000000000002665  -0.05999999999999999778 120011.0
  0.02999999999999999889   0.65400000000000002576  -0.05999999999999999778 55.73703111544782
  0.2000000000000000111    0.63400000000000000799   0.02000000000000000042 120011.0
 -0.02000000000000000042   0.64800000000000002043  -0.08999999999999999667 46.881145671977414
 -0.01000000000000000021   0.6500000000000000222   -0.08000000000000000167 47.403717757239384
 -0.01000000000000000021   0.6500000000000000222   -0.07000000000000000666 48.4312708743002
  0.02000000000000000042   0.64900000000000002132  -0.04000000000000000083 43.43458836468482
  0.07000000000000000666   0.65400000000000002576  -0.05999999999999999778 120011.0
  0.02000000000000000042   0.6500000000000000222   -0.08000000000000000167 47.985816263374765
 -0.02999999999999999889   0.65500000000000002665  -0.05999999999999999778 51.541524451366314
  0.07000000000000000666   0.64800000000000002043  -0.02000000000000000042 120011.0
  0.05000000000000000278   0.6420000000000000151   -0.05999999999999999778 120011.0
  0                        0.65300000000000002487  -0.05000000000000000278 29.5509668418564
 -0                        0.65200000000000002398  -0.07000000000000000666 34.087994285817636
 -0                        0.66200000000000003286  -0.05999999999999999778 120011.0
  0.01000000000000000021   0.64900000000000002132  -0.05999999999999999778 41.78985961010509
 -0                        0.65700000000000002842  -0.05999999999999999778 45.012730829725236
  0.01000000000000000021   0.65100000000000002309  -0.05999999999999999778 31.920987356572756
  0.02000000000000000042   0.65300000000000002487  -0.04000000000000000083 47.14716466717264
  0.01000000000000000021   0.65200000000000002398  -0.05999999999999999778 36.001352728564385
 -0.05999999999999999778   0.6500000000000000222   -0.02000000000000000042 120011.0
 -0.01000000000000000021   0.64900000000000002132  -0.05999999999999999778 50.94733073396339
 -0.02000000000000000042   0.64800000000000002043  -0.05999999999999999778 27.722496245185898
 -0.08000000000000000167   0.63300000000000000711  -0.08999999999999999667 120011.0
 -0.17999999999999999334   0.64400000000000001688  -0.16000000000000000333 120011.0
 -0.02999999999999999889   0.64700000000000001954  -0.05000000000000000278 28.403436216984833
 -0.04000000000000000083   0.64800000000000002043  -0.05000000000000000278 63.28726232145868
  0                        0.6500000000000000222   -0.05999999999999999778 34.16563308457169
  0.01000000000000000021   0.65800000000000002931  -0.02999999999999999889 67.67235440970295
  0.08000000000000000167   0.64100000000000001421  -0.02000000000000000042 120011.0
 -0.11000000000000000056   0.64500000000000001776  -0.01000000000000000021 120011.0
 -0.02000000000000000042   0.65300000000000002487  -0.05000000000000000278 47.88348469189946
 -0.04000000000000000083   0.6500000000000000222   -0.08000000000000000167 47.18172283235583
  0.02999999999999999889   0.64800000000000002043  -0.07000000000000000666 54.95575833958156
 -0.04000000000000000083   0.64400000000000001688  -0.05999999999999999778 70.90794530402631
  0                        0.64800000000000002043  -0.05999999999999999778 30.087930198180207
 -0.02000000000000000042   0.64900000000000002132  -0.07000000000000000666 47.989472618676736
 -0.01000000000000000021   0.64600000000000001865  -0.07000000000000000666 28.577900577830984
 -0.02999999999999999889   0.64900000000000002132  -0.04000000000000000083 28.558216025861164
 -0.02000000000000000042   0.65200000000000002398  -0.04000000000000000083 29.03469857836962
 -0.04000000000000000083   0.6500000000000000222   -0.02999999999999999889 37.87205578948129
 -0.02000000000000000042   0.64700000000000001954  -0.05999999999999999778 28.09769852607961
 -0.02000000000000000042   0.64600000000000001865  -0.07299999999999999545 50.362712036375505
 -0.02999999999999999889   0.64800000000000002043  -0.048000000000000001   28.35733672074318
 -0.02000000000000000042   0.64800000000000002043  -0.06199999999999999956 27.715162854757004
 -0.01000000000000000021   0.64900000000000002132  -0.06800000000000000488 48.91394417068292
 -0.01000000000000000021   0.64700000000000001954  -0.07299999999999999545 50.54141757481988
 -0.02999999999999999889   0.64800000000000002043  -0.05399999999999999939 28.569574200556477
 -0.02000000000000000042   0.64800000000000002043  -0.07199999999999999456 48.43609180019476
  0                        0.64600000000000001865  -0.05199999999999999761 120011.0
 -0.01000000000000000021   0.64700000000000001954  -0.07199999999999999456 50.61490676691829
 -0.02999999999999999889   0.64800000000000002043  -0.05199999999999999761 28.483346658333378
 -0.02000000000000000042   0.64900000000000002132  -0.06199999999999999956 48.734547503958964
 -0.02000000000000000042   0.64800000000000002043  -0.05199999999999999761 27.93795345985761
 -0.02999999999999999889   0.64800000000000002043  -0.06199999999999999956 48.01956301060039
 -0.02000000000000000042   0.64800000000000002043  -0.06800000000000000488 49.339812714988035
 -0.02199999999999999872   0.64600000000000001865  -0.05199999999999999761 27.98432048270845
 -0.0210000000000000013    0.64800000000000002043  -0.05600000000000000117 27.78511780097829
 -0.01899999999999999953   0.6500000000000000222   -0.067000000000000004   47.92715332168438
 -0.0210000000000000013    0.64700000000000001954  -0.05600000000000000117 28.12656133221092
 -0.02500000000000000139   0.64800000000000002043  -0.05999999999999999778 49.34547208558371
 -0.01799999999999999864   0.64900000000000002132  -0.06099999999999999867 27.568580723723905
 -0.00800000000000000017   0.65200000000000002398  -0.06099999999999999867 47.4848571487457
  0.00200000000000000004   0.64900000000000002132  -0.08100000000000000255 34.07469274500566
 -0.01799999999999999864   0.64900000000000002132  -0.07099999999999999367 48.14190541596766
 -0.01799999999999999864   0.64800000000000002043  -0.06099999999999999867 27.702939687433954
 -0.01799999999999999864   0.65100000000000002309  -0.06099999999999999867 47.36437047052996
 -0.02800000000000000058   0.64900000000000002132  -0.06099999999999999867 47.642403811077344
 -0.01799999999999999864   0.64800000000000002043  -0.07099999999999999367 48.864330607255425
 -0.01200000000000000025   0.65200000000000002398  -0.05800000000000000294 47.53291562323435
